2;16
